aspect.asc
ncols 59
nrows 79
xllcorner 3445993.34075929
yllcorner 5381534.17905033
cellsize 25
nodata_value  -9999
170 267 12 33 52 65 70 75 90 259 341 338 193 9 12 8 11 34 39 30 32 47 61 78 85 84 77 60 24 344 337 335 343 355 3 13 20 21 24 35 29 20 29 45 210 44 62 109 126 126 126 205 208 93 94 120 147 173 203
12 8 28 58 78 85 86 85 180 338 328 333 9 20 15 10 14 36 40 30 35 56 73 85 89 86 72 45 8 331 314 312 326 346 4 19 28 35 39 46 42 35 37 42 43 47 54 48 53 63 49 276 337 40 51 62 78 129 238
24 26 51 78 89 91 88 76 149 316 311 328 15 150 96 4 11 26 29 28 41 66 79 82 79 75 55 25 7 345 314 308 318 339 5 44 61 69 68 57 52 51 48 45 33 164 308 27 18 20 11 288 345 14 28 41 42 80 332
37 42 62 79 85 86 86 103 272 313 308 320 67 288 271 241 217 22 29 36 51 72 79 74 65 57 36 14 8 344 314 309 323 350 25 62 71 75 73 63 61 59 47 31 86 297 342 247 7 9 149 337 112 10 25 37 36 43 199
49 52 65 74 77 79 79 101 329 318 315 325 215 338 341 349 311 23 36 47 58 71 73 64 53 45 28 13 10 337 309 304 325 209 27 49 58 62 61 58 61 55 37 17 106 348 338 345 149 5 215 216 5 16 33 42 38 30 134
57 58 65 68 72 74 69 80 324 325 326 336 343 334 334 345 308 25 44 53 56 64 64 54 43 40 29 18 10 331 308 301 325 146 15 25 40 48 48 49 51 40 21 14 176 346 337 338 313 70 214 67 10 26 43 47 38 30 139
60 64 69 69 71 71 62 67 321 327 335 340 341 338 335 347 277 25 47 49 42 50 53 46 38 40 31 22 38 334 315 308 325 355 5 15 33 45 48 45 35 44 45 61 356 349 342 336 342 200 191 61 17 37 50 47 35 28 139
73 82 86 82 75 66 53 63 323 325 336 341 342 347 344 355 34 22 40 39 33 42 49 45 38 40 32 20 255 340 325 317 326 348 3 16 37 52 56 46 24 210 324 330 358 352 345 341 301 21 20 14 26 42 52 44 35 29 135
78 89 97 92 77 61 43 63 334 326 334 340 343 231 275 356 11 21 34 40 42 51 55 48 39 39 32 156 331 339 325 319 325 346 7 30 53 65 65 44 14 217 342 350 358 355 345 344 301 8 7 16 35 49 54 46 42 31 127
78 86 96 98 82 56 29 60 344 332 334 342 298 89 117 339 13 26 36 48 54 57 57 47 40 37 29 206 351 337 322 314 324 192 31 62 74 75 67 35 83 283 332 340 301 261 348 344 301 9 12 25 44 50 50 45 44 52 245
77 81 89 94 77 124 131 158 350 338 338 342 171 6 4 324 14 31 40 53 57 53 49 42 39 35 25 137 325 341 322 309 319 69 56 81 84 76 61 48 216 344 329 334 252 121 320 344 316 85 18 36 49 47 45 45 44 66 347
78 78 79 76 77 270 339 347 353 345 343 340 4 10 7 324 13 32 39 47 47 40 36 35 38 33 21 10 234 349 334 313 316 87 66 75 75 65 48 82 349 342 333 335 252 7 222 342 347 228 26 46 50 40 41 46 43 59 341
75 68 60 39 178 336 333 341 352 351 349 342 8 17 14 327 9 29 35 39 38 34 30 35 40 35 21 11 12 354 357 349 352 87 63 69 64 48 32 74 343 337 337 342 257 4 12 330 349 230 33 50 43 32 40 47 41 54 337
50 45 37 93 312 343 342 345 252 246 351 339 6 21 20 78 5 23 32 34 36 33 30 35 38 35 25 13 213 358 92 94 97 39 45 54 45 24 12 67 339 329 332 341 332 139 4 79 85 68 44 56 46 33 41 46 37 55 339
30 28 30 251 348 346 350 320 98 95 315 343 156 20 22 7 4 18 26 30 35 35 31 33 34 36 31 21 118 355 14 20 21 17 26 34 27 10 201 232 339 322 324 334 345 278 69 21 26 35 56 65 52 37 43 44 32 56 343
19 17 157 350 347 349 354 184 12 13 178 347 298 89 23 10 3 16 23 29 38 38 33 32 33 39 34 22 4 352 120 15 14 9 12 20 18 7 209 355 341 321 319 331 338 278 87 44 47 49 58 61 48 37 38 34 22 55 346
14 11 355 347 350 303 286 4 18 20 5 349 350 197 23 13 5 16 24 32 42 42 36 32 33 37 30 54 74 354 244 73 75 13 6 16 18 12 3 286 305 328 321 332 273 133 37 57 57 48 45 42 34 31 25 18 11 54 350
10 8 353 347 353 102 3 8 22 24 10 354 350 192 22 15 11 22 28 37 44 43 34 27 27 25 16 201 357 355 74 356 357 50 8 18 22 20 10 4 144 341 330 326 9 6 20 42 47 33 24 21 21 21 10 5 6 56 353
111 4 351 346 209 26 11 16 28 27 12 358 354 191 16 17 26 34 30 34 40 40 31 21 17 13 8 197 356 69 76 350 349 48 12 22 25 21 13 10 37 248 349 334 8 4 13 35 31 121 292 292 9 13 143 94 13 24 171
268 223 350 346 178 12 17 21 30 26 11 142 357 190 11 19 35 39 27 26 33 36 29 18 10 229 153 197 357 227 75 350 350 242 10 21 24 19 15 14 14 93 137 128 4 2 10 27 49 273 350 351 5 11 68 52 21 18 129
347 352 348 348 182 14 15 18 26 23 12 12 205 181 55 20 37 38 24 19 24 29 25 16 143 355 291 183 203 357 197 352 254 203 147 16 21 17 16 14 14 12 9 6 3 2 10 19 190 351 350 228 12 17 10 15 23 15 126
345 347 345 328 143 11 87 83 18 18 14 13 9 131 88 19 33 32 23 17 17 19 19 13 318 349 327 127 6 269 355 353 129 2 249 13 22 20 17 13 12 11 9 9 7 6 11 13 355 349 302 57 25 27 17 15 16 10 124
343 342 341 259 27 22 331 303 22 15 17 21 16 5 3 12 24 24 23 22 16 13 28 26 317 348 238 9 15 7 353 352 129 3 4 15 27 26 16 12 18 9 10 12 12 11 14 11 352 340 138 22 35 31 19 10 7 6 125
342 344 343 336 308 303 342 342 196 12 19 22 15 8 4 9 19 18 19 21 20 80 310 311 348 351 243 17 21 11 357 353 126 6 12 21 28 23 11 59 186 6 10 14 17 18 22 16 352 232 33 33 36 32 27 19 3 6 133
341 349 350 347 348 344 344 348 312 104 15 18 13 10 8 11 18 14 13 18 22 41 120 119 117 119 93 26 23 10 356 352 125 10 20 23 25 19 9 66 214 5 10 14 19 23 27 19 117 75 22 30 29 31 35 34 10 207 48
338 352 354 345 341 337 342 348 353 249 41 13 12 13 13 14 17 12 11 18 26 20 9 7 7 11 22 26 19 8 356 349 235 36 23 20 19 16 9 36 181 69 9 13 20 25 28 22 12 19 28 25 22 28 36 37 13 326 173
333 351 354 343 338 335 340 347 349 355 71 9 11 15 17 18 17 13 14 24 34 30 21 17 18 20 24 21 14 8 274 347 354 59 20 13 14 16 11 5 145 138 8 12 20 24 25 24 25 31 33 23 117 96 26 28 10 350 354
329 345 349 340 337 336 339 345 346 353 69 9 12 16 20 21 18 19 25 36 43 42 35 29 27 23 21 16 11 10 74 348 351 83 14 31 12 18 13 8 133 123 6 11 20 22 21 25 28 32 35 25 359 276 44 25 6 353 352
329 341 344 336 333 335 337 342 344 352 70 9 12 16 23 24 21 26 38 43 43 43 41 37 32 26 21 16 11 12 75 350 352 330 30 230 13 21 15 12 24 18 4 11 23 23 18 19 22 27 30 19 354 337 320 104 6 357 351
327 338 343 336 331 329 331 336 341 353 69 6 10 16 22 23 22 32 43 48 45 45 45 40 33 29 27 22 8 5 275 350 191 103 260 321 131 18 15 16 18 15 9 9 18 20 17 13 15 23 26 18 111 345 345 110 10 140 353
322 333 341 340 333 326 326 331 338 351 220 3 10 15 21 23 25 37 48 51 49 48 49 42 32 27 30 23 147 182 349 351 128 2 352 347 171 14 15 18 21 19 13 8 11 15 15 10 10 18 22 18 21 351 344 108 10 29 235
318 326 337 343 337 326 323 328 335 348 353 115 11 15 20 25 29 42 50 52 49 48 48 39 26 21 27 20 273 345 346 352 204 122 355 347 228 41 17 19 19 18 14 8 7 12 13 9 7 12 16 18 23 269 348 191 18 6 86
317 320 331 343 340 329 323 325 333 344 347 294 17 20 24 30 35 43 50 49 43 41 40 31 15 11 20 16 273 344 347 352 355 359 357 350 353 100 19 19 16 14 12 8 10 12 13 10 5 7 11 17 16 96 354 322 30 4 5
323 320 326 337 338 331 323 321 327 338 344 18 34 35 39 42 38 41 47 45 39 36 33 21 4 3 12 11 276 348 350 352 352 357 357 351 354 101 18 17 12 7 6 8 13 14 14 14 6 5 7 14 14 96 358 121 4 2 4
331 325 324 329 330 329 324 319 308 288 237 106 99 87 72 57 34 37 43 41 35 31 26 15 4 5 8 5 67 83 354 350 350 356 359 356 357 98 12 13 10 5 2 6 14 13 13 14 9 5 4 10 13 96 358 111 3 38 274
339 333 324 321 317 314 312 302 229 220 191 150 136 132 113 95 167 155 43 41 35 28 20 12 8 11 7 114 49 5 194 349 349 356 157 158 156 194 209 8 8 4 1 5 13 13 12 14 12 7 4 8 13 96 358 111 6 51 358
346 344 327 313 297 282 272 249 166 175 181 162 150 155 147 138 253 221 52 52 41 27 16 14 16 17 9 124 53 6 179 347 348 357 6 10 6 268 358 6 8 6 5 6 15 16 14 15 16 12 7 8 14 98 358 112 9 38 225
311 291 275 308 268 235 216 183 156 165 181 166 152 159 166 174 230 193 82 71 53 30 16 22 26 18 10 4 3 68 349 345 349 300 9 13 9 219 290 8 11 11 12 12 19 21 17 17 20 18 11 10 16 83 292 94 16 17 13
137 22 28 307 226 191 196 185 170 170 175 165 151 159 179 196 233 233 149 84 63 35 26 39 31 9 4 1 1 350 343 343 351 49 12 16 10 6 7 15 18 18 24 25 23 23 19 19 25 25 16 12 18 14 7 15 29 32 35
147 49 65 162 175 170 184 187 185 181 170 160 149 160 191 213 240 239 168 79 36 10 7 12 263 283 282 281 283 349 341 342 351 52 20 22 14 13 18 24 27 29 34 31 20 20 21 26 32 28 20 21 35 42 40 44 46 49 52
162 94 88 121 156 169 177 186 190 184 172 164 147 158 201 230 249 254 243 234 224 212 213 217 338 347 346 346 347 345 341 344 216 38 35 32 29 34 36 37 44 50 53 39 19 21 29 40 45 37 31 42 61 72 75 64 51 58 59
176 144 118 121 150 173 177 181 185 182 177 177 158 159 210 241 251 257 274 307 324 326 331 338 342 342 341 343 343 342 341 284 83 31 37 34 40 50 46 48 59 65 63 44 22 28 42 55 58 54 59 72 82 87 95 96 75 78 77
185 183 152 132 151 178 180 174 176 179 183 193 181 170 212 238 241 243 251 269 287 297 306 316 324 329 329 333 339 340 340 200 17 32 29 27 39 48 43 50 62 64 59 43 28 41 60 71 74 79 95 102 96 95 105 137 117 108 108
190 192 172 152 160 181 180 171 173 180 189 203 205 193 197 214 219 225 233 251 265 272 279 290 300 307 306 313 329 332 333 203 22 30 23 16 26 32 28 37 49 49 44 38 40 58 82 95 103 111 119 120 112 113 131 163 157 135 136
193 193 177 163 169 183 180 172 175 184 198 210 211 200 191 197 211 224 237 253 265 267 267 271 279 293 295 301 318 323 324 318 117 24 17 7 17 27 29 36 42 42 38 40 47 65 91 107 119 129 130 122 115 123 144 167 169 154 143
192 192 180 171 177 187 185 179 180 191 211 220 216 206 195 198 223 240 249 256 260 259 254 251 257 272 287 300 317 321 317 329 276 49 16 8 20 35 41 43 43 41 41 49 57 71 91 104 116 131 140 133 122 127 147 168 178 173 154
188 190 183 179 185 194 194 190 188 198 218 226 223 216 206 211 237 252 255 254 253 252 247 246 252 263 280 294 311 316 309 314 333 55 21 22 36 50 52 49 47 46 49 58 64 75 90 100 112 129 145 144 131 129 144 166 184 184 165
180 188 186 187 194 201 203 201 195 202 217 227 227 223 216 220 241 250 250 247 248 250 250 254 258 264 272 279 291 302 299 297 304 112 38 43 52 59 55 51 52 54 58 63 68 77 89 99 111 125 143 148 137 130 139 159 183 188 174
171 186 190 195 202 209 211 208 199 201 213 223 225 223 215 216 228 232 235 242 249 253 259 264 263 261 260 257 258 275 284 278 271 273 72 59 51 47 45 50 58 62 62 62 68 78 88 98 111 120 134 143 136 127 130 147 173 185 181
161 183 191 201 211 216 216 211 202 203 213 221 224 219 210 212 220 226 237 249 256 256 256 257 253 249 248 246 243 248 254 257 256 243 139 61 42 35 39 48 57 62 64 67 73 80 85 91 101 107 116 128 130 123 125 139 160 180 186
144 173 188 205 215 218 217 211 203 205 213 220 223 217 213 215 217 228 241 248 248 243 243 245 244 245 245 241 235 234 239 243 240 229 187 132 64 24 38 47 58 69 77 81 81 83 84 85 88 93 100 110 117 117 120 133 152 173 187
120 147 175 200 213 218 218 212 204 207 213 218 221 219 220 222 223 234 244 244 237 231 234 235 237 243 242 237 229 227 231 232 225 216 199 181 157 157 29 50 64 75 82 81 81 84 85 83 81 84 89 95 102 106 108 117 136 161 186
105 126 157 185 203 214 216 212 206 209 213 216 218 219 223 227 231 241 246 242 232 228 232 232 234 239 237 232 224 222 226 226 217 204 196 206 239 278 84 67 72 77 74 66 72 81 85 84 82 83 85 88 92 94 92 95 110 138 178
110 125 142 164 187 204 209 209 208 212 213 213 213 215 220 226 234 241 247 245 236 233 238 238 237 234 231 227 222 219 223 226 216 198 199 221 247 254 209 105 86 76 59 42 61 76 83 86 87 87 88 91 94 88 78 74 80 107 162
120 137 141 153 172 190 201 208 212 214 208 204 206 208 215 223 227 231 240 244 236 234 241 244 241 234 230 229 227 224 225 229 216 198 207 231 240 211 174 155 116 80 52 39 62 75 80 87 92 93 94 98 100 87 69 64 70 88 137
112 134 137 140 156 179 198 210 216 211 201 200 204 208 217 225 226 228 234 233 227 232 242 242 235 227 228 234 233 227 222 224 215 200 212 230 226 193 170 173 147 87 53 54 72 78 82 87 92 92 89 88 87 81 70 68 74 84 116
101 123 131 128 139 164 194 210 214 207 200 202 207 212 220 227 228 229 230 229 227 238 246 242 230 222 228 234 231 222 215 219 215 203 214 228 217 189 177 195 201 109 60 70 82 85 85 86 88 87 83 79 76 74 72 75 80 85 98
96 114 127 123 129 152 185 204 207 204 204 208 212 217 223 228 230 229 228 227 231 241 245 238 226 222 230 231 225 216 209 214 213 205 216 226 213 191 192 218 239 154 87 87 89 89 87 83 81 82 81 78 73 70 72 80 85 86 85
99 113 127 126 129 144 171 192 200 204 210 214 217 221 225 228 230 227 224 226 231 236 235 231 224 225 231 226 220 212 206 211 211 208 219 227 214 198 212 237 242 201 129 103 94 90 85 79 76 78 83 83 78 72 73 84 90 87 78
106 117 129 131 132 142 159 180 197 208 215 215 217 221 224 224 223 220 218 222 226 227 226 226 224 227 230 220 216 211 208 211 213 214 226 233 219 206 227 240 233 197 146 112 96 88 82 76 72 75 80 84 85 84 90 96 96 91 82
99 107 119 123 123 129 144 172 197 211 214 212 215 219 219 217 217 216 217 223 225 225 224 223 219 219 218 214 217 216 213 219 225 230 238 237 220 212 227 231 219 196 162 128 106 92 81 72 72 75 78 84 91 99 108 108 101 94 91
90 93 101 108 110 115 129 161 196 211 213 212 216 219 219 217 216 217 219 223 224 221 220 219 213 211 210 210 214 214 215 224 230 234 237 232 217 213 221 221 212 198 171 143 118 92 74 70 76 80 81 84 90 100 110 112 106 98 98
90 83 85 91 94 99 108 137 185 208 211 211 216 221 223 220 219 219 221 224 222 216 216 216 210 206 206 208 210 210 215 223 224 225 227 224 214 211 212 214 211 205 176 146 120 80 61 69 80 85 85 84 87 96 105 110 109 104 100
103 84 77 76 77 80 84 103 157 197 209 210 215 223 227 226 223 222 223 224 219 212 213 214 210 207 206 207 207 208 214 218 212 210 215 217 212 208 205 211 215 213 185 145 117 128 70 70 82 86 86 83 84 91 97 101 104 102 94
129 98 79 68 60 62 66 78 113 173 204 210 216 226 231 227 223 222 223 223 218 212 213 215 213 208 205 206 207 210 216 214 204 202 211 215 210 203 200 210 215 216 207 164 131 343 138 73 79 80 80 81 84 88 86 82 81 80 72
158 137 111 94 79 73 78 85 97 135 193 216 225 231 231 226 221 219 220 220 216 213 214 216 213 205 200 204 209 212 215 213 204 202 213 218 212 204 204 210 212 214 216 208 201 239 136 82 76 71 65 67 71 71 66 62 60 56 56
169 159 145 135 124 107 96 95 96 112 168 217 227 228 227 226 223 220 219 218 214 213 214 213 208 199 196 203 209 210 212 212 209 207 217 222 216 210 209 206 207 215 219 213 205 202 159 101 80 68 59 58 60 58 52 49 48 48 57
173 170 167 162 154 136 117 108 104 108 146 208 224 223 224 229 228 221 218 217 213 213 212 209 204 196 195 202 207 209 211 214 213 210 218 222 217 212 206 199 204 218 220 209 201 195 177 126 91 74 61 56 54 49 42 41 42 47 62
174 175 179 173 164 154 137 124 115 113 134 192 218 221 225 232 230 219 214 213 212 211 210 206 201 196 194 199 206 209 213 217 216 213 217 219 214 208 201 194 205 223 221 203 200 197 183 149 111 87 69 57 51 44 38 38 41 50 66
175 180 188 177 167 163 157 145 125 113 125 176 213 222 227 232 225 212 207 209 208 207 206 203 202 198 193 197 205 213 217 221 218 214 216 215 209 204 198 195 211 226 217 194 196 198 186 163 137 109 81 59 50 42 39 43 47 54 66
178 185 192 178 167 167 169 166 135 106 109 152 204 222 227 227 220 209 204 206 203 201 202 203 204 200 193 197 209 219 223 222 218 217 217 211 205 201 198 200 213 221 208 186 190 198 187 170 161 142 110 73 55 47 49 55 55 53 60
182 189 191 181 173 174 179 181 155 118 109 133 190 224 230 225 217 209 203 203 200 197 201 204 206 202 194 200 213 221 222 219 217 218 216 207 199 199 200 204 211 213 202 186 190 197 190 176 177 175 157 119 71 58 58 58 51 45 53
185 189 185 182 182 182 183 185 169 139 124 134 184 227 231 222 214 208 202 202 198 194 198 202 205 203 198 204 215 220 219 217 216 218 215 204 195 199 203 206 208 207 198 190 191 196 194 183 190 195 187 168 133 74 62 53 43 38 50
188 187 178 182 189 189 184 182 175 157 144 149 186 224 227 216 210 206 201 201 195 190 194 199 204 204 203 208 215 218 217 215 215 217 213 202 194 199 205 206 204 202 198 194 191 195 198 190 196 203 199 199 192 114 89 68 49 46 54
190 184 173 181 193 192 185 180 176 164 157 167 191 211 215 207 204 203 199 199 190 185 189 198 208 209 208 210 213 216 215 214 213 214 209 200 195 200 205 202 200 200 199 197 193 195 198 193 196 202 199 201 204 181 149 120 85 75 72
191 185 176 182 193 192 186 183 177 168 167 177 189 199 203 197 197 198 196 195 186 183 187 201 214 214 210 207 209 211 211 211 210 209 203 197 198 200 200 196 197 199 201 200 196 193 195 195 197 203 201 199 205 195 177 169 157 132 110
193 190 182 184 190 189 187 187 182 174 175 185 185 189 195 192 193 197 198 196 184 183 191 206 216 212 205 202 203 207 211 212 208 204 198 195 199 201 199 194 196 201 205 204 199 192 195 199 201 205 203 199 206 202 186 176 169 153 136
198 196 188 184 185 187 189 190 188 181 183 189 181 179 187 188 191 197 201 198 185 186 199 211 216 210 200 198 200 206 214 212 205 201 196 195 200 202 199 193 196 202 207 206 199 193 196 201 202 203 203 198 203 203 191 181 175 166 154
207 203 189 180 180 186 193 195 196 189 189 191 179 171 179 185 189 196 201 199 189 191 205 213 212 206 197 194 198 205 214 209 201 200 196 195 200 202 200 194 196 203 208 205 199 194 197 202 201 200 201 197 199 200 193 186 182 176 164
